990002469990106381 15
990009463100106381 16
990017631150106381 16
990002423170106381 16
990018747720106381 16
990019212880106381 16
990021878220106381 15
990015231560106381 16
99187354578506381 7
990013408610106381 16
990019382590106381 15
990009520270106381 16
990020883030106381 16
990009275070106381 16
990018545260106381 16
990019611810106381 16
990002431450106381 16
990009509360106381 16
990016035070106381 16
990021868740106381 15
99187298328706381 7
990009053850106381 16
990013652840106381 16
990019212720106381 16
990006695960106381 16
990015234250106381 15
990020891000106381 16
990009145650106381 16
990019077240106381 16
99187377225606381 7
990009075290106381 16
990002444740106381 16
990015216610106381 16
990018738970106381 14
990019269730106381 16
990021863750106381 16
990019396380106381 16
990020296690106381 16
990017422650106381 16
990008634870106381 14
990004353500106381 16
990016035450106381 16
990021863450106381 15
990002465340106381 16
99187382100406381 6
990019402860106381 16
990022259990106381 15
990047247020106381 16
990004819820106381 16
990016032790106381 16
990021876980106381 16
990000482750106381 16
990013441420106381 15
990003249820106381 16
990019401300106381 16
99187380584106381 7
990001164150106381 15
990016032870106381 16
990026458420106381 16
990020885440106381 16
990025994690106381 16
990009158900106381 15
990019329010106381 16
99187410899806381 7
990009518200106381 16
99187375054406381 7
990009266760106381 16
990019666210106381 16
990020157010106381 16
990013426460106381 16
990022259300106381 16
990009498130106381 15
990024357600106381 16
990009308030106381 15
990039112270106381 16
990019155890106381 16
990019397500106381 16
990019604000106381 16
990017975080106381 16
990004489850106381 16
990016032900106381 16
990021826060106381 16
990047281090106381 15
990018743850106381 16
990018891170106381 16
990002867000106381 16
990007782090106381 16
990019302840106381 16
990039101900106381 16
99187357619906381 8
990016032880106381 16
990009271780106381 16
990003265130106381 16
990009065240106381 16
990019202120106381 16
990009501880106381 16
990001225380106381 16
990026996810106381 16
990021877930106381 16
99187386374106381 7
990013425180106381 16
990047281030106381 15
990014212350106381 16
990017969020106381 16
990039148860106381 16
99187386537206381 7
990019294470106381 16
990020062300106381 15
990050876100106381 9
990002803050106381 16
990009271760106381 16
990018739480106381 16
990019425360106381 16
990020156840106381 16
99187357623506381 7
99187388076106381 8
990005889210106381 16
990019922290106381 16
990021878990106381 16
990019355320106381 16
990006288700106381 16
990001691300106381 16
990009271460106381 16
990002436710106381 15
990019988470106381 16
990021879070106381 16
990019756840106381 16
99187388084106381 9
990039070840106381 15
990050876200106381 9
99187292705606381 7
990019288530106381 16
99187366606806381 7
990020892360106381 16
99187357618606381 6
99187357620806381 7
99187365819206381 8
990009505010106381 16
990017499080106381 16
990021876280106381 16
990019067310106381 16
990021878310106381 16
990039139920106381 16
990003228100106381 16
